25.040464401245117
14.259615898132324
11.646764755249023
7.140407562255859
5.769207000732422
3.9818923473358154
3.7138991355895996
2.7655856609344482
2.528303384780884
2.1122100353240967
1.657761573791504
1.3272666931152344
1.2102742195129395
1.109283685684204
0.9959033131599426
0.8946495056152344
0.7496587634086609
0.7055485248565674
0.6623208522796631
0.6021082401275635
0.5402205586433411
0.4848865568637848
0.45456624031066895
0.4047882854938507
0.37574857473373413
0.3458153307437897
0.3194824755191803
0.29642531275749207
0.2760724127292633
0.2598498463630676
0.2425633817911148
0.22742973268032074
0.21950261294841766
0.20742769539356232
0.19671021401882172
0.19030790030956268
0.18226447701454163
0.17198877036571503
0.16771213710308075
0.16560788452625275
0.16205765306949615
0.16308867931365967
0.16544431447982788
0.17681701481342316
0.1947585940361023
0.23309651017189026
0.32393407821655273
0.6193892359733582
