0.12895750999450684
0.08583824336528778
0.06194443255662918
0.03882952779531479
0.03093329444527626
0.02192055620253086
0.021254055202007294
0.016313111409544945
0.015534205362200737
0.01343650184571743
0.010925562120974064
0.00901106372475624
0.008535892702639103
0.008089856244623661
0.007584838662296534
0.007085868157446384
0.006209993734955788
0.006074755452573299
0.005969852674752474
0.005688345525413752
0.005351640749722719
0.005050009116530418
0.00497983954846859
0.004673252813518047
0.004581725690513849
0.004429229535162449
0.004333909135311842
0.004268900491297245
0.004226738587021828
0.004240169655531645
0.004224320407956839
0.0042396909557282925
0.004386077169328928
0.004456870257854462
0.004556541796773672
0.004768909886479378
0.004952677059918642
0.005086492281407118
0.005416352767497301
0.005867100786417723
0.006322329398244619
0.007085839286446571
0.007993160746991634
0.009560852311551571
0.011850215494632721
0.01617780141532421
0.02585570141673088
