0.0
0.0
0.25967848741716526
0.25967848741716526
0.2684423860497862
0.2684423860497862
0.19409299692738602
0.19409299692738602
0.14621112749166484
0.14621112749166484
0.07326391417873941
0.07326391417873941
0.06884822335752108
0.06884822335752108
0.05292234310345212
0.05292234310345212
0.04281290046273728
0.04281290046273728
0.04691464379734819
0.04691464379734819
0.03727176279796243
0.03727176279796243
0.03917823654228775
0.03917823654228775
0.03689313730831463
0.03689313730831463
0.03620883571564566
0.03620883571564566
0.036961273651843804
0.036961273651843804
0.03609824747999586
0.03609824747999586
0.036624934056621955
0.036624934056621955
0.037266691442924715
0.037266691442924715
0.03691823535022212
0.03691823535022212
0.037424926518135684
0.037424926518135684
0.03824607754268486
0.03824607754268486
0.03819595173029572
0.03819595173029572
0.03744902609258209
0.03744902609258209
0.04036969850077536
0.04036969850077536
0.037995127636152565
0.037995127636152565
0.04111734255923789
0.04111734255923789
0.03844416897182894
0.03844416897182894
0.04005456947016406
0.04005456947016406
0.03762433912029452
0.03762433912029452
0.040222684621332244
0.040222684621332244
0.0372787817702146
0.0372787817702146
0.03860190398980609
0.03860190398980609
0.038064777072216796
0.038064777072216796
0.037931648792222536
0.037931648792222536
0.03690875871897614
0.03690875871897614
0.03635046330204439
0.03635046330204439
0.036092987168156065
0.036092987168156065
0.03635795955774132
0.03635795955774132
0.036877286110180985
0.036877286110180985
0.03819400506418817
0.03819400506418817
0.04119687686678007
0.04119687686678007
0.04859285129413232
0.04859285129413232
0.054251561566766776
0.054251561566766776
0.06871798383593171
0.06871798383593171
0.09206531284659329
0.09206531284659329
0.14014600044122463
0.14014600044122463
0.19475863201455282
0.19475863201455282
0.26645241669568553
0.26645241669568553
0.13769098906641272
0.13769098906641272
0.30721344867999867
0.30721344867999867
